68.0
1.0
0.0
11.0
44.0
139.9
102.0
101.0
90.0
116.0
136.0
81.0
73.9
86.9
78.9
105.9
106.0
80.0
83.0
91.0
120.0
112.0
109.0
135.9
120.0
129.6
144.5
156.9
166.0
128.0
154.7
122.0
128.8
132.0
135.7
140.0
141.0
167.6
150.0
140.9
168.7
145.9
168.9
156.0
152.0
152.9
154.9
154.9
121.0
116.0
145.0
142.0
136.0
111.0
141.9
112.0
122.0
117.0
108.0
137.0
139.0
135.0
140.0
132.9
139.0
123.0
90.0
92.0
90.0
107.0
103.0
116.0
136.0
134.0
148.0
144.0
130.0
182.0
258.2
250.7
235.9
222.7
217.9
142.9
158.8
190.9
150.9
135.0
221.9
229.9
220.9
209.9
211.9
216.9
212.1