31.0
23.0
19.0
25.0
28.0
26.0
20.0
13.0
21.0
14.0
22.0
19.0
19.0
32.0
26.0
19.0
10.0
41.0
19.0
23.0
14.0
13.0
15.0
17.0
18.0
17.0
17.0
17.0
18.0
16.0
17.0
17.0
21.0
18.0
17.0
16.0
16.0
17.0
16.0
16.0
17.0
17.0
17.0
18.0
16.0
31.0
22.0
15.0
20.0
19.0
27.0
19.0
23.0
22.0
21.0
20.0
21.0
20.0
15.0
20.0
18.0
21.0
20.0
17.0
21.0
26.0
20.0
26.0
24.0
29.0
23.0
22.0
26.0
27.0
22.0
27.0
31.0
26.0
29.0
29.0
25.0
19.0
22.0
21.0
21.0
25.0
20.0
22.0
19.0
19.0
29.0
21.9
35.0
23.0
18.0
19.0
23.0
24.0
29.0
32.0
26.0
24.0
26.0
24.0
26.0
24.0
30.0
26.0
28.0
34.0
31.0
34.0
31.0
28.0
16.0
18.0
18.0
15.0
21.0
28.0
23.0
29.0
28.0
23.0
18.0
20.0
19.0
21.0
20.0
18.0
23.0
21.0
22.0
21.0
24.0
29.0
22.0
27.0
23.0
26.0
24.0
22.0
23.9
20.0
24.0
19.0
20.0
21.0
21.0
23.0
19.0
17.0
15.0
17.0
25.0
29.0
29.0
23.0
22.0
16.0
14.0
17.0
13.0
19.0
22.0
21.0
18.0
18.0
16.0
21.0
17.0
18.0
17.0
22.0
20.0
18.0
22.0
23.0
25.0
24.0