51.1
19.0
1.0
1.0
70.9
108.0
87.8
112.9
100.0
143.9
109.0
109.0
148.9
160.9
137.0
109.9
106.8
124.0
129.0
112.0
87.0
72.0
96.0
85.0
80.0
102.9
95.0
91.0
101.0
83.0
86.0
88.0
83.0
73.0
86.0
74.0
74.0
92.0
92.0
83.0
96.0
88.0
86.0
103.0
131.0
110.0
106.0
111.0
117.0
162.0
126.8
102.0
119.0
122.0
123.0
113.0
126.0
101.0
111.0
112.0
112.0
99.0
122.0
123.0
120.0
114.0
140.9
120.0
153.9
123.0
121.0
135.9
136.0
127.0
136.0
153.0
137.0
117.0
145.0
126.0
111.0
99.0
108.0
112.0
154.9
145.9
123.0
114.8
99.0
116.0
116.8
110.0
108.0
114.0
106.0
148.9
134.0
140.0
152.5
138.0
136.0
118.5
124.0
128.9
118.0
123.0
122.7
124.0
127.9
128.5
150.0
123.0
116.6
120.0
115.9
100.0
112.0
119.9
119.9
132.0
140.9
127.9
121.0
92.0
106.0
87.0
108.0
105.0
112.0
106.0
115.0
131.0
222.9
221.9
238.9
228.9
229.9
234.9
232.9
213.9
213.9
211.9
226.9
221.9
222.9
219.9
214.9
224.9
156.9
122.0
107.0
106.0
125.0
110.0
114.0
124.0
130.0
114.0
109.0
123.0
112.9
129.9
111.0
115.0
121.0
101.0
98.0
114.0
106.0
103.0
118.0
114.0
110.0
124.0
154.0
216.9
220.9
241.9
203.0