60.0
0.0
2.0
17.0
146.8
155.9
155.9
148.0
144.8
158.0
164.0
143.7
136.9
113.9
98.8
125.0
98.0
102.0
147.9
177.0
185.9
186.9
252.9
225.9
237.9
239.9
222.9
133.9
87.9
102.0
93.0
92.9
103.9
94.0
96.9
103.0
98.9
100.0
110.9
111.0
110.9
113.0
134.9
112.8
120.6
125.0
108.9
128.7
116.0
123.0
106.0
129.9
142.0
110.0
126.0
124.8
123.0
113.8
127.0
141.9
137.9
130.0
137.0
124.0
118.0
131.9
133.0
123.0
139.9
126.0
140.0
130.0
127.0
128.0
136.0
126.0
124.0
133.9
134.0
129.0
138.9
136.0
123.0
138.0
126.0
127.0
142.0
116.0
108.0
119.0
132.0
114.0
120.0
109.0
118.0
125.0
120.8
120.0
128.0
132.0
147.5
125.0
106.0
142.0
160.9
162.0
123.0
164.0
161.0
130.0
137.6
129.0
117.0
146.0
130.9
119.9
128.8
132.9
113.9
126.0
122.0
123.0
125.0
122.0
114.0
114.0
104.0
114.0
194.0
233.9
241.3
233.7
232.9
240.3
235.9
247.9
238.9
239.9
244.9
249.9
250.9
245.9
251.9
242.9
239.9
228.9