57.0
1.0
1.0
9.0
87.0
95.0
98.0
86.0
112.0
114.0
100.0
141.9
149.9
84.0
86.0
99.0
108.0
84.0
86.0
91.0
108.0
125.9
136.0
144.0
126.0
152.9
140.8
154.9
128.0
125.0
133.9
129.9
142.0
143.0
135.0
127.0
129.0
142.0
132.0
145.0
143.9
142.0
162.9
131.0
163.9
128.0
139.0
139.0
158.9
143.9
122.0
105.6
153.9
156.8
148.9
166.9
119.0
123.9
121.0
117.9
108.0
142.7
137.0
131.9
99.0
124.0
126.0
96.9
105.9
95.0
97.0
88.0
90.8
118.8
105.0
116.0
104.0
100.9
126.8
143.7
163.9
201.9
230.8
264.8
246.9
228.9
193.9
125.9
251.9
229.9
216.9
220.9
216.9
219.9
218.6
230.7
251.9
254.9
196.9
131.0
148.7
127.9
122.0
222.9
226.9
217.9
229.9