0.0
8.0
66.0
34.0
24.0
18.0
22.0
17.0
21.0
23.0
27.0
18.0
16.0
19.0
14.0
22.0
20.0
22.0
28.0
24.0
34.0
20.0
17.0
20.0
13.0
43.0
22.0
13.0
12.0
12.0
15.0
18.0
18.0
18.0
18.0
17.0
16.0
18.0
18.0
18.0
33.0
27.0
25.0
21.0
24.0
26.0
28.0
22.0
17.0
15.0
16.0
15.0
22.0
20.0
20.0
26.0
17.0
20.0
21.0
25.0
22.0
18.0
19.0
12.0
17.0
16.0
15.0
22.0
16.0
21.0
22.0
21.0
20.0
21.0
18.0
21.0
22.0
25.0
19.0
23.0
22.0
25.0
22.9
31.0
27.0
26.0
32.0
23.0
22.0
21.0
16.0
12.0
14.0
14.0
12.0
18.0
19.0
22.0
23.0
25.0
23.0
19.0
16.0
19.0
24.0
28.0
18.0
30.0
29.0
21.0
24.0
25.0
28.0
38.0
19.0
18.0
18.0
16.0
18.0
26.0
21.0
21.0
22.0
20.0
19.0
19.0
20.0
19.0
24.0
25.0
23.0
19.0
21.0
27.0
24.0
21.0
26.0
19.0
21.0
32.0
20.0
24.0
20.0
22.0
25.0
17.0