13.0
12.0
14.0
19.0
42.0
11.0
12.0
39.0
35.0
26.0
26.0
36.0
25.0
21.0
13.0
14.0
12.0
13.0
13.0
14.0
18.0
13.0
43.0
21.0
20.0
22.0
20.0
25.0
20.0
20.0
20.0
21.0
24.9
21.0
24.0
19.0
21.0
22.0
22.0
21.9
25.0
21.0
23.0
21.0
21.0
20.0
22.0
32.0
22.0
13.0
15.0
14.0
36.0
20.0
20.9
22.0
17.0
18.0
17.0
17.0
16.0
18.0
16.0
18.0
15.0
17.0
16.0
16.0
15.0
16.0
14.0
17.0
16.0
18.0
18.0
18.0
17.0
18.0
20.0
23.0
25.0
26.9
29.0
31.0
24.0
23.0
21.9
24.0
27.0
23.0
22.0
22.0
24.0
23.0
25.0
23.0
32.9
32.0
22.0
19.0
23.0
28.0
17.0
20.0
21.0
20.9
36.0