65.0
1.0
0.0
12.0
69.0
119.0
163.7
130.0
142.0
118.0
81.9
99.0
86.0
101.0
109.6
97.8
96.8
94.9
89.8
151.9
140.0
90.9
107.0
103.0
140.0
155.8
128.0
145.8
144.5
185.9
186.9
145.5
179.9
154.9
185.9
135.9
126.9
154.0
161.0
197.9
166.9
144.9
154.0
128.7
151.0
166.9
162.7
149.7
121.0
151.8
152.0
243.9
233.6
236.9
222.9
225.7
241.9
240.9
235.6
232.9
134.9
119.0
130.0
115.0
135.7
222.9
260.9
257.9
260.9
260.9
223.6
232.9
224.9
218.9
222.9
226.9
226.9
234.5
230.7
239.9
234.9
216.9
125.0
134.9
154.9
159.9
137.0
150.0
142.0
118.0
145.0
143.7
119.0
119.0
128.0
131.0
123.0
138.0
146.9
132.9
175.9
168.9
211.7
239.3
250.9
269.9
257.3
235.6
255.9
243.9
226.9
217.8
215.9
215.9
236.9
264.9
239.9
244.9
233.9
249.9
234.4
144.9
217.2
219.9
234.9
227.9
232.9
247.9