14.0
14.0
17.0
52.0
37.0
27.0
21.0
22.9
37.0
18.0
18.0
19.0
17.0
18.0
18.0
19.0
17.0
18.0
21.0
40.0
43.0
30.0
22.9
24.0
21.0
23.0
22.0
22.0
21.0
24.0
24.0
22.0
24.0
23.0
24.0
21.0
18.0
21.0
24.0
27.0
24.0
24.0
25.0
25.0
26.0
29.9
26.0
20.0
22.0
24.0
27.0
24.0
26.0
27.0
30.0
24.0
26.0
24.0
21.0
23.0
18.0
19.0
19.0
19.0
18.0
18.0
26.0
29.0
26.9
37.0
32.0
21.9
26.0
21.0
20.0
21.0
22.0
23.0
21.0
21.0
28.0
22.0
25.0
20.0
25.0
20.0
22.0
26.0
36.0
29.0
31.0
29.0
24.0
23.0
23.0
24.0
23.9
25.0
27.0
27.0
29.0
22.0
23.0
20.0
23.0
26.9
26.0
26.0
19.0
17.0
36.0
17.0
21.9
23.0
23.0
25.0
19.0
25.0
22.0
26.9
22.0
20.0
21.0
21.0
21.0
22.0
22.0